1 0.000
2 1.850
3 2.654
4 3.125
5 3.243
6 5.891
7 7.470
8 8.148
9 9.310
10 9.765
11 10.421
12 10.466
13 10.734
14 10.853
15 10.966
16 11.097
17 12.050
18 12.113
19 12.357
20 12.670
21 12.831
22 12.844
23 13.049
24 13.055
25 13.436
26 13.598
27 13.872
28 13.958
29 13.967
30 14.042
31 14.325
32 14.620
33 14.745
34 14.933
35 14.952
36 15.031
37 15.373
38 15.390
39 15.496
40 16.090
41 16.184
42 16.962
43 16.973
44 16.978
45 17.781
46 17.841
47 17.959
48 18.043
49 18.195
50 18.227
51 18.458
52 18.464
53 19.014
54 19.062
55 19.413
56 19.759
57 19.960
58 20.110
59 20.209
60 20.598
61 20.634
62 20.636
63 20.652
64 20.909
